#_____________________________________________________________________________
### Presets for presenting figures etc. ----
#_____________________________________________________________________________

signif_thous = 3 #How many significant figures to use when figures are in thousands
signif_mil = 2 # For millions
signif_perc = 2 #For percentages
signif_pp = 3 #For percentage points

digits_mil = 1
digits_perc = 1

### Geographic codes for UK, London and Boroughs.
### See "Borough codes.csv" in source folder for reference. 
london_geo_code <- 2013265927
uk_geo_code <- 2092957697
eng_geo_code <- 2092957699
regions_geo_code <- c(2013265926,2013265924,2013265921,2013265922,2013265932,2013265931,2013265928,2013265929,2013265930,2013265925,2013265923)
boroughs_group <- c(1811939540,1811939541,1811939542,1811939543,1811939544,1811939526,1811939527,1811939545,1811939546,1811939547,
                    1811939548,1811939528,1811939529,1811939530,1811939549,1811939550,1811939551,1811939552,1811939531,1811939532,1811939553,1811939533,
                    1811939534,1811939554,1811939535,1811939555,1811939556,1811939536,1811939557,1811939537,1811939558,1811939538,1811939539)

#.............................................................................
#### London borough geographical codes ----
#.............................................................................

#London_LA_codes <-readxl::read_excel(path = paste0(INPUT,"London borough codes.xlsx"), sheet = "Codes") %>% 
#  clean_names() %>% 
#  rename(geography_name=area)

#.............................................................................
#### Labour market data release dates ----
#.............................................................................


release_dates_lm <- as.Date(c("2022-01-18","2022-02-15","2022-03-15","2022-04-12","2022-05-17",
                              "2022-06-14","2022-07-19","2022-08-16","2022-09-13","2022-10-11",
                              "2022-11-15","2022-12-13","2023-01-17","2023-02-14","2023-03-14",
                              "2023-04-18","2023-05-16","2023-06-13","2023-07-11","2023-08-15",
                              "2023-09-12","2023-10-17","2023-11-14","2023-12-12"))

# Usually released day after main data, but not always
release_dates_cpih <- as.Date(c("2022-06-22","2022-07-20","2022-08-17","2022-09-14","2022-10-19",
                              "2022-11-16","2022-12-14","2023-01-18","2023-02-15","2023-03-22",
                              "2023-04-19","2023-05-24","2023-06-21","2023-07-19","2023-08-16",
                              "2023-09-20","2023-10-18","2023-11-15","2023-12-20"))


# WFJ released every 3 months
release_months_wfj <- c(3,6,9,12)
